% Цвет для клеточек
\definecolor{gridcolor}{cmyk}{0.30,0.00,0.0,0.0}
% Основной цвет гистограмм и графиков
\definecolor{plot1}{cmyk}{0.9,0.5,0.0,0.0} 
% Второй цвет гистограмм и графиков
\definecolor{plot2}{cmyk}{0.0,0.60,0.70,0.0} 
% Толщина линии у клеточек
\newlength\gridwidth
\setlength{\gridwidth}{0.8pt}
% Макрос для включения клеточек
\newcommand{\mygrid}[4]{
\begin{pgfscope}
\pgfsetlinewidth{\gridwidth}\color{gridcolor}
\pgfgrid[stepx=0.5cm,stepy=0.5cm]{\pgfxy(#1,#2)}{\pgfxy(#3,#4)}
\end{pgfscope}
}
% Толщина линии у графиков
\newlength\plotwidth
\setlength{\plotwidth}{1.2pt}

% Собственно картинка
\begin{pgfpicture}{0mm}{0mm}{ 69.333mm}{ 69.333mm}
\pgfsetxvec{\pgfpoint{  8.000mm}{0mm}}
\pgfsetyvec{\pgfpoint{0mm}{  8.000mm}}
\begin{pgftranslate}{\pgfpoint{ 34.667mm}{ 34.667mm}}
%
\mygrid{-4.2}{-4.2}{4.2}{4.2}
%
\pgfsetendarrow{\pgfarrowsingle}
\pgfxyline( -4.333,0)(  4.333,0)
\pgfxyline(0, -4.333)(0,  4.333)
\pgfclearendarrow
%
\pgfputat{\pgfxy( 0.400, -0.480)}{\pgfbox[right,base]{\small$O$}}
\pgfputat{\pgfxy(  4.333, -0.480)}{\pgfbox[right,base]{\small $X$}}
\pgfputat{\pgfxy( -0.100,  4.333)}{\pgfbox[right,top]{\small $Y$}}
%
\pgfxyline(1, -0.100)(1,  0.100)
\pgfputat{\pgfxy(  1, -0.480)}{\pgfbox[center,base]{\small $1$}}
\pgfxyline(-1, -0.100)(-1,  0.100)
\pgfputat{\pgfxy(  -1.000, -0.480)}{\pgfbox[center,base]{\small $-1$}}
\pgfxyline(3.1416, -0.100)(3.1416,  0.100)
\pgfputat{\pgfxy(  3.1416, 0.280)}{\pgfbox[center,base]{\small $\pi$}}
\pgfxyline( -0.100,3.1416)(  0.100,3.1416)
\pgfputat{\pgfxy( 0.400,  3.1416)}{\pgfbox[right,center]{\small $\pi$}}
%
\pgfsetdash{{0.1cm}{0.1cm}}{0cm}
\pgfxyline(3.1416, 0)(3.1416, -1.0)
\pgfxyline(-1,3.1416)(0,3.1416)
\pgfsetdash{}{0cm}
%
\pgfsetdash{{0.2cm}{0.1cm}}{0cm}
\pgfxyline(-1,-1)(3,3)
\pgfsetdash{}{0cm}
%
\color{plot1}
\pgfxycurve( -4.333, -0.370)( -4.222, -0.473)( -4.111, -0.570)( -4.000, -0.654)
\pgfxycurve( -4.000, -0.654)( -3.889, -0.738)( -3.778, -0.810)( -3.667, -0.865)
\pgfxycurve( -3.667, -0.865)( -3.556, -0.921)( -3.444, -0.960)( -3.333, -0.982)
\pgfxycurve( -3.333, -0.982)( -3.222, -1.003)( -3.111, -1.006)( -3.000, -0.990)
\pgfxycurve( -3.000, -0.990)( -2.889, -0.974)( -2.778, -0.940)( -2.667, -0.889)
\pgfxycurve( -2.667, -0.889)( -2.556, -0.839)( -2.444, -0.771)( -2.333, -0.691)
\pgfxycurve( -2.333, -0.691)( -2.222, -0.610)( -2.111, -0.517)( -2.000, -0.416)
\pgfxycurve( -2.000, -0.416)( -1.889, -0.315)( -1.778, -0.206)( -1.667, -0.096)
\pgfxycurve( -1.667, -0.096)( -1.556,  0.015)( -1.444,  0.127)( -1.333,  0.235)
\pgfxycurve( -1.333,  0.235)( -1.222,  0.343)( -1.111,  0.447)( -1.000,  0.540)
\pgfxycurve( -1.000,  0.540)( -0.889,  0.634)( -0.778,  0.717)( -0.667,  0.786)
\pgfxycurve( -0.667,  0.786)( -0.556,  0.855)( -0.444,  0.909)( -0.333,  0.945)
\pgfxycurve( -0.333,  0.945)( -0.222,  0.981)( -0.111,  1.000)( -0.000,  1.000)
\pgfxycurve( -0.000,  1.000)(  0.111,  1.000)(  0.222,  0.981)(  0.333,  0.945)
\pgfxycurve(  0.333,  0.945)(  0.444,  0.909)(  0.556,  0.855)(  0.667,  0.786)
\pgfxycurve(  0.667,  0.786)(  0.778,  0.717)(  0.889,  0.634)(  1.000,  0.540)
\pgfxycurve(  1.000,  0.540)(  1.111,  0.447)(  1.222,  0.343)(  1.333,  0.235)
\pgfxycurve(  1.333,  0.235)(  1.444,  0.127)(  1.556,  0.015)(  1.667, -0.096)
\pgfxycurve(  1.667, -0.096)(  1.778, -0.206)(  1.889, -0.315)(  2.000, -0.416)
\pgfxycurve(  2.000, -0.416)(  2.111, -0.517)(  2.222, -0.610)(  2.333, -0.691)
\pgfxycurve(  2.333, -0.691)(  2.444, -0.771)(  2.555, -0.838)(  2.667, -0.889)
\pgfxycurve(  2.667, -0.889)(  2.778, -0.940)(  2.889, -0.974)(  3.000, -0.990)
\pgfxycurve(  3.000, -0.990)(  3.111, -1.006)(  3.222, -1.003)(  3.333, -0.982)
\pgfxycurve(  3.333, -0.982)(  3.444, -0.961)(  3.555, -0.921)(  3.667, -0.865)
\pgfxycurve(  3.667, -0.865)(  3.778, -0.810)(  3.889, -0.738)(  4.000, -0.654)
\pgfxycurve(  4.000, -0.654)(  4.111, -0.570)(  4.222, -0.473)(  4.333, -0.370)
%
\pgfsetlinewidth{\plotwidth}
\pgfxycurve(  0.000,  1.000)(  0.131,  1.000)(  0.263,  0.974)(  0.394,  0.923)
\pgfxycurve(  0.394,  0.923)(  0.526,  0.873)(  0.657,  0.798)(  0.788,  0.705)
\pgfxycurve(  0.788,  0.705)(  0.920,  0.612)(  1.051,  0.500)(  1.183,  0.379)
\pgfxycurve(  1.183,  0.379)(  1.314,  0.257)(  1.445,  0.125)(  1.577, -0.006)
\pgfxycurve(  1.577, -0.006)(  1.708, -0.137)(  1.840, -0.269)(  1.971, -0.390)
\pgfxycurve(  1.971, -0.390)(  2.102, -0.511)(  2.234, -0.621)(  2.365, -0.713)
\pgfxycurve(  2.365, -0.713)(  2.497, -0.806)(  2.628, -0.879)(  2.759, -0.928)
\pgfxycurve(  2.759, -0.928)(  2.891, -0.977)(  3.022, -1.002)(  3.154, -1.000)
%
\color{plot2}
\pgfxycurve(  1.000,  0.000)(  1.000,  0.131)(  0.974,  0.263)(  0.923,  0.394)
\pgfxycurve(  0.923,  0.394)(  0.873,  0.526)(  0.798,  0.657)(  0.705,  0.788)
\pgfxycurve(  0.705,  0.788)(  0.612,  0.920)(  0.500,  1.051)(  0.379,  1.183)
\pgfxycurve(  0.379,  1.183)(  0.257,  1.314)(  0.125,  1.445)( -0.006,  1.577)
\pgfxycurve( -0.006,  1.577)( -0.137,  1.708)( -0.269,  1.840)( -0.390,  1.971)
\pgfxycurve( -0.390,  1.971)( -0.511,  2.102)( -0.621,  2.234)( -0.713,  2.365)
\pgfxycurve( -0.713,  2.365)( -0.806,  2.497)( -0.879,  2.628)( -0.928,  2.759)
\pgfxycurve( -0.928,  2.759)( -0.977,  2.891)( -1.002,  3.022)( -1.000,  3.154)
\end{pgftranslate}
\end{pgfpicture}
